20
640834505 28785
3 9 1 999946125
98 59
6 30 524 98
97 39
34 37 656 97
110 53
7 7 1 64417
220 88
1 8 3 58265
497151700 96511
9 7 6 999919625
1000000000 100000
999999999 1 999999999 1000000000
1000000000 100000
1 1 1 1000000000
22 21
1 4 869 22
249718282 93729
1 5 6 999917908
137 49
48 17 461 137
46 18
7 11 9 46
714311129 39521
9 5 9 999998192
131 74
1 9 10 78736
254 99
1 8 9 74990
177 73
7 7 5 56401
1000000000 1
12 7 74 12
59 26
14 19 681 59
218492221 46085
3 7 1 999969453
45068754 29153
2 9 5 999904402
