20
1000000000 100000
99999 1 99999 100000
66 39
35 2 589 66
59 26
14 19 681 59
22 21
1 4 869 22
977365070 59489
8 5 9 999966210
249718282 93729
1 5 6 999917908
177 73
7 7 5 56401
840698758 13331
8 7 10 999955808
97 39
34 37 656 97
220 88
1 8 3 58265
164 96
76 2 193 164
98 59
6 30 524 98
112 73
1 5 3 64100
1000000000 1
12 7 74 12
1000000000 100000
999999999 1 999999999 1000000000
45068754 29153
2 9 5 999904402
1000000000 100000
1 1 0 2
78 51
3 5 5 51230
640834505 28785
3 9 1 999946125
254 99
1 8 9 74990
